# EAN's van Alka-artikelen die al in onze Shopify staan.
# Geschreven door koppeling.py met de Admin API.
4046681001406
8718375179000
8718546780011
8718546780042
8718546780103
8718546780165
8718546780196
8718546780226
8718546780547
8718546781049
8718546781278
8718546781285
8718546781544
8718546781797
8718546781872
8718546781902
8718546781933
8718546781964
8718546782046
8718546782121
8718546782138
8718546782237
8718546782268
8718546782299
8718546782329
8718546782398
8718546782435
8718546782466
8718546782503
8718546782541
8718546782589
8718546782626
8718546782664
8718546782671
8718546782688
8718546782695
8718546782701
8718546782718
8718546782725
8718546782732
8718546782749
8718546783029
8718546783050
8718546784194
8718546784262
8718546784309
8718546785009
8718546785283
8718546785320
8718546788284
